[ 0.98071665  0.98062849  0.98039091  0.98130941  0.98021507  0.98048556
  0.98123866  0.98113918  0.98062551  0.98062849  0.98160905  0.98038304
  0.98110396  0.98116982  0.98055732  0.98059583  0.98061514  0.98059171
  0.98133594  0.98085994  0.98085153  0.98172402  0.9809891   0.98007786
  0.98062849  0.98105174  0.98127925  0.98105949  0.98062849  0.98030221
  0.98046339  0.98072571  0.98062849  0.98062849  0.98062849  0.98140651
  0.980946    0.98062849  0.98098129  0.98051524  0.98112059  0.98121595
  0.98190719  0.98021984  0.98077106  0.98065877  0.9809075   0.98072696
  0.98099476  0.98062849  0.98062849  0.98062849  0.98012304  0.98062849
  0.98060125  0.98062849  0.98147142  0.98062849  0.98164737  0.98066789
  0.98062849  0.98062849  0.98062849  0.98062849]
