[ 0.97833115  0.990619    0.99228281  0.98377872  0.9799369   0.98387575
  0.98821157  0.9788689   0.99477494  0.99452466  0.9836545   0.98243034
  0.98650098  0.98436594  0.98964769  0.9827022   0.98562348  0.97826022
  0.98758352  0.98951405  0.98431575  0.98498392  0.97839481  0.98335052
  0.9839769   0.98290592  0.98763722  0.98102975  0.98293179  0.98776245
  0.98322165  0.98909038  0.98761696  0.97667211  0.98714131  0.9870593
  0.98220515  0.97443479  0.98527271  0.99092829  0.98298156  0.98295963
  0.98312366  0.97961688  0.98846155  0.9789505   0.98842138  0.98253733
  0.98413628  0.9898482   0.9822042   0.98329264  0.98217148  0.98447859
  0.98705029  0.97825819  0.98498064  0.98337978  0.98120457  0.99042672
  0.98546803  0.98673445  0.98276389  0.99055892]
