[ 0.97978961  0.98060274  0.98205578  0.97957408  0.98062849  0.97973818
  0.98025882  0.98068374  0.98112649  0.98144192  0.97976363  0.98062849
  0.98422933  0.98181921  0.9813838   0.98046756  0.98214763  0.98246866
  0.98303139  0.98062849  0.98045164  0.98028123  0.98175472  0.97909629
  0.98038918  0.98062849  0.98088896  0.98062849  0.98030937  0.98294359
  0.98251939  0.98062849  0.98191416  0.97811562  0.98352587  0.97891456
  0.98017859  0.97983557  0.98037958  0.98281014  0.98076624  0.97947633
  0.98015839  0.98062849  0.98062849  0.97985196  0.98211497  0.98194385
  0.98167062  0.98062849  0.98224258  0.97971308  0.9825893   0.98460954
  0.98062849  0.98145872  0.98334199  0.98236001  0.98025244  0.98061454
  0.98048943  0.98062849  0.9796657   0.97949392]
