[ 0.00035173  0.00900505  0.01125299  0.01304027  0.00902072 -0.0049674
 -0.02563374 -0.00110585  0.00112658  0.00297777 -0.0078724   0.00492064
 -0.00938452 -0.00465649  0.00307841  0.01196705  0.00787712 -0.007537
 -0.00539288  0.0120021  -0.00388766  0.000278    0.00308807  0.0100045
 -0.00767369 -0.01368033 -0.00694591  0.          0.00679107 -0.01567626
  0.00877214  0.01036606  0.01047026 -0.00558666  0.00192895 -0.00577587
 -0.00115007 -0.00354344  0.0106394  -0.01789077  0.00234871  0.00634441
  0.00859603 -0.00414959  0.00309005  0.00350297  0.01974679  0.01354445
  0.00882016  0.0006409   0.0124513   0.          0.00069409 -0.00266027
 -0.00132799 -0.00353051  0.00057036  0.00121739 -0.00566313  0.00680872
 -0.0023803   0.02354687  0.00393352  0.00322265]
