[[[[-0.03484099  0.06437372 -0.13007073 ..., -0.09956115 -0.1254418
     0.0563645 ]
   [ 0.02096868 -0.11411394  0.0228166  ...,  0.06516973  0.08925121
     0.04268025]
   [ 0.02153718 -0.03011785  0.13265598 ..., -0.12390021 -0.04326038
    -0.0416581 ]
   ..., 
   [ 0.19008482  0.04386821  0.07367186 ..., -0.13239828  0.09085913
     0.08572184]
   [-0.02288551  0.12800446 -0.08339998 ..., -0.12277862 -0.02924093
     0.13550018]
   [ 0.0686479  -0.04535552 -0.00747504 ...,  0.095562   -0.00146856
     0.06026168]]

  [[ 0.12887095 -0.13130236 -0.01194266 ..., -0.08470649 -0.09176789
     0.14950344]
   [-0.04293499 -0.03788342 -0.15586932 ...,  0.00538868 -0.14812371
    -0.07050582]
   [-0.03967383 -0.18702689  0.04329798 ...,  0.09031811  0.19434811
    -0.03661189]
   ..., 
   [-0.05299285  0.03820954 -0.01852904 ...,  0.19016838 -0.02058525
    -0.02215683]
   [ 0.0216555  -0.17272179  0.02897935 ...,  0.01952283  0.09189998
     0.09290276]
   [ 0.03610558 -0.03886899 -0.01873025 ..., -0.06745598  0.13447848
     0.12758738]]

  [[-0.00685509  0.01553326 -0.06540725 ..., -0.00938154  0.00621692
     0.13630199]
   [-0.1163184   0.01568169  0.03839817 ...,  0.1134104  -0.00402407
    -0.05675172]
   [-0.01062141  0.04588776 -0.09489813 ...,  0.01698148 -0.13065594
    -0.00488609]
   ..., 
   [ 0.09013999  0.02400509  0.09896427 ...,  0.12163011  0.08690077
     0.03934706]
   [ 0.01319242 -0.0348581  -0.06923777 ...,  0.07078835  0.19097175
     0.1328353 ]
   [-0.1469593   0.09296784  0.00403716 ..., -0.08647562  0.16917036
    -0.01861156]]]


 [[[ 0.09743728 -0.12358364  0.04559747 ...,  0.03595363 -0.00722762
     0.08423559]
   [-0.07262485  0.09309183 -0.17686424 ...,  0.0660317   0.01620422
    -0.01994622]
   [ 0.08460472 -0.06952878  0.16993235 ..., -0.06857193  0.07390815
    -0.04505026]
   ..., 
   [-0.14090574  0.08480254  0.07981654 ..., -0.05658408 -0.14123401
    -0.00144635]
   [-0.12395275 -0.00889436 -0.13895726 ..., -0.07826882  0.17048018
    -0.02991922]
   [-0.09905645 -0.08758783  0.13822359 ...,  0.14457202  0.19120091
    -0.03010747]]

  [[-0.15092945 -0.08178177 -0.08241612 ..., -0.11188536 -0.08541676
     0.14035167]
   [ 0.01805356 -0.00494326  0.07707678 ...,  0.05941087 -0.11783203
    -0.04995814]
   [-0.10302285  0.10457046  0.08442025 ..., -0.14039521  0.04883233
    -0.06835746]
   ..., 
   [ 0.14342056 -0.0030793  -0.07575899 ...,  0.04927891  0.04948163
    -0.02799513]
   [-0.04134419  0.02950692  0.00743708 ...,  0.02655206  0.04443529
     0.06225848]
   [ 0.12982599 -0.0821507  -0.02477824 ..., -0.06046518  0.00096525
     0.03819051]]

  [[ 0.12658398  0.03729962 -0.09526256 ..., -0.01482735  0.07512189
    -0.14524071]
   [-0.04334853  0.05024407  0.00637696 ...,  0.03123083  0.05759434
     0.15563567]
   [-0.00134949 -0.09125055  0.00195262 ...,  0.07131077  0.00512436
    -0.09398594]
   ..., 
   [ 0.03852608 -0.13551331  0.14918864 ..., -0.03610946  0.07014077
    -0.05859945]
   [-0.02733864  0.01839514 -0.10452246 ..., -0.04461656  0.00981542
    -0.0347406 ]
   [ 0.04390477 -0.04490372  0.0231523  ..., -0.03830717 -0.05239641
    -0.06710892]]]


 [[[ 0.11375925 -0.00398959 -0.03929139 ...,  0.01467928 -0.03737917
    -0.01359998]
   [-0.01406518 -0.13474643  0.02918697 ...,  0.1555547   0.10997225
     0.13977203]
   [-0.13756034 -0.08457115 -0.14244273 ..., -0.18547697  0.09879456
     0.04222455]
   ..., 
   [ 0.08719613  0.10879365 -0.05991624 ..., -0.17532252 -0.05200075
    -0.05750691]
   [-0.11126906  0.05477596  0.07569521 ..., -0.0506357  -0.00078273
     0.08075517]
   [-0.02224053  0.04623122 -0.02983995 ...,  0.05034952  0.11817835
    -0.07779815]]

  [[ 0.089203    0.04249514 -0.03601874 ..., -0.0370826  -0.00630404
     0.07992294]
   [ 0.04845518 -0.06183509  0.09998875 ...,  0.11891668  0.06481324
     0.0421847 ]
   [ 0.01922053 -0.09252159 -0.07000563 ..., -0.01615819 -0.01102898
    -0.03615716]
   ..., 
   [-0.03749361  0.04064695  0.04678904 ..., -0.01530994  0.12798941
     0.05429316]
   [-0.11146913 -0.15347077  0.00084407 ..., -0.0790934   0.00508645
     0.05825029]
   [-0.01358255  0.00430889 -0.10202342 ...,  0.01049904 -0.02355971
    -0.01673076]]

  [[ 0.05380767  0.14575928  0.07708998 ..., -0.06067235 -0.02213851
    -0.07440509]
   [ 0.07093549 -0.07469668 -0.12458271 ...,  0.1954634  -0.02703212
    -0.00991856]
   [ 0.0796271  -0.08063722  0.04749791 ...,  0.05272132  0.01360698
     0.09793051]
   ..., 
   [ 0.05468716  0.11633085  0.02658388 ..., -0.07406047 -0.16517958
     0.03774555]
   [-0.03257074 -0.01079536 -0.02037006 ..., -0.00239947  0.06908527
     0.09423652]
   [-0.07058778  0.03398125  0.08038242 ...,  0.07840354  0.00569914
    -0.04548232]]]]
