[[[[ 0.00401197 -0.08222324  0.06905357 ..., -0.00131742  0.19061917
    -0.13538426]
   [-0.07326355 -0.06568907 -0.05083864 ..., -0.01010428  0.00375256
    -0.05434681]
   [ 0.1919446   0.05353153 -0.0319041  ...,  0.10314292 -0.08868352
     0.06672845]
   ..., 
   [ 0.06602373 -0.17569786  0.02821477 ..., -0.09143861 -0.09789997
     0.1818942 ]
   [-0.15217614 -0.07922857 -0.09454011 ...,  0.06721108  0.05165716
    -0.17595962]
   [ 0.00659889 -0.15433082 -0.09676998 ..., -0.05499004 -0.15985179
     0.12791069]]

  [[-0.02623064 -0.06240377  0.18125391 ..., -0.02513845  0.102715
    -0.01344083]
   [ 0.08282826 -0.12531525  0.06715129 ...,  0.06227944  0.01594453
     0.00605937]
   [-0.06396722  0.11286117  0.04411756 ..., -0.01097544  0.19140203
     0.02780948]
   ..., 
   [-0.12729542  0.04179243 -0.02487547 ...,  0.00771106 -0.10476422
     0.0857524 ]
   [ 0.06915497  0.0781327  -0.05324652 ...,  0.02479125  0.05342259
     0.08531682]
   [ 0.18914519  0.0810108  -0.06707356 ...,  0.0020588   0.01766943
     0.05624412]]

  [[ 0.18682656  0.04794678 -0.06534217 ..., -0.02643967  0.15180334
     0.11271654]
   [-0.18664007  0.00133757 -0.12563802 ..., -0.12098724  0.05095461
     0.17737262]
   [ 0.06978804 -0.03791154 -0.0027905  ..., -0.02457589 -0.04533229
     0.01196186]
   ..., 
   [ 0.1162347   0.11193872 -0.03006854 ..., -0.1773461   0.12144869
     0.08087716]
   [ 0.13444316 -0.0680015  -0.04001019 ..., -0.01377111  0.14440973
     0.09358179]
   [ 0.04036499 -0.11743209  0.03080599 ..., -0.05243324 -0.01112957
     0.07005077]]]


 [[[-0.1540565   0.07296643  0.02791991 ...,  0.18158264 -0.00285788
     0.19958656]
   [ 0.11658701  0.13084553 -0.02851457 ..., -0.16822302 -0.00938164
    -0.01495407]
   [-0.09587444  0.045553   -0.1645987  ...,  0.11546727  0.09682079
     0.05149912]
   ..., 
   [-0.00333185  0.16293193 -0.12293153 ..., -0.06815187  0.01552084
    -0.05991216]
   [-0.03733188 -0.20748423 -0.09224848 ...,  0.02135219  0.05399158
    -0.02880532]
   [ 0.06377751 -0.07421132  0.12635766 ...,  0.07948072 -0.08231048
    -0.0413253 ]]

  [[ 0.03401242 -0.14854978  0.01320688 ...,  0.07791784 -0.10895076
     0.04302206]
   [ 0.0308918  -0.1462079   0.13421121 ..., -0.07784789 -0.04274909
    -0.06313259]
   [ 0.01810518  0.01236453  0.16759598 ...,  0.03639421  0.01834403
     0.01509861]
   ..., 
   [-0.08386722  0.10391185 -0.08030449 ..., -0.15509896  0.04488925
     0.07233292]
   [-0.0358383  -0.04739346 -0.01652528 ..., -0.07943927 -0.13235067
    -0.01604043]
   [ 0.07712248 -0.00997825  0.00047643 ..., -0.03550335  0.02347963
     0.01970137]]

  [[-0.08320561 -0.0854546   0.04692978 ..., -0.00446996 -0.05731503
    -0.02942098]
   [ 0.14211632  0.02775708  0.00186165 ...,  0.17212355 -0.12698226
     0.07422917]
   [-0.01398076  0.02679442 -0.04483378 ...,  0.05937764  0.04163548
    -0.03354882]
   ..., 
   [-0.0905557   0.05305007  0.03843976 ...,  0.09789913  0.19596931
    -0.04439246]
   [-0.12407701 -0.18720259 -0.05146953 ..., -0.16922402 -0.06457829
     0.02426995]
   [ 0.0341736   0.12953253  0.08632383 ...,  0.05313493  0.04977518
    -0.0369019 ]]]


 [[[-0.0314701  -0.16245908 -0.04401946 ...,  0.0368904  -0.06347002
     0.01825308]
   [-0.14455694  0.02795905 -0.10548998 ..., -0.01614957  0.0041296
    -0.1591571 ]
   [ 0.04848191  0.10874888 -0.14088154 ...,  0.065875    0.00151171
     0.01164685]
   ..., 
   [ 0.09586208  0.06805747  0.01599468 ...,  0.00854831  0.17591505
     0.07529356]
   [ 0.1096404   0.00998812 -0.05411256 ...,  0.14725712  0.00457337
    -0.10351429]
   [-0.10042515  0.06890099 -0.10750848 ...,  0.0913548   0.08416484
     0.10127787]]

  [[-0.03093361  0.14923267 -0.05301731 ...,  0.00045577 -0.04842834
     0.08322066]
   [ 0.1678039   0.09739324  0.00374283 ..., -0.04766888  0.01670478
     0.07372748]
   [-0.18612054  0.08825529  0.05708762 ..., -0.07545954 -0.12229451
    -0.14668408]
   ..., 
   [ 0.09127888  0.05082249  0.19977403 ..., -0.17533977  0.04462212
     0.01040572]
   [ 0.00601009  0.07597038  0.01578163 ...,  0.08643857  0.03467486
    -0.10741177]
   [ 0.12610322  0.14472029  0.09478039 ...,  0.03940363 -0.05575055
    -0.00253268]]

  [[ 0.00049807 -0.04778171  0.08168317 ..., -0.12274061 -0.05046279
    -0.03184432]
   [-0.16958836  0.14550023  0.08576211 ...,  0.13270351  0.01341281
    -0.01892417]
   [-0.02145422 -0.00130164 -0.08540496 ..., -0.11517327 -0.0589643
     0.03390994]
   ..., 
   [ 0.02343634  0.01239895  0.094937   ..., -0.00756983  0.10575419
     0.11569707]
   [ 0.07268093  0.04943236 -0.18573274 ..., -0.03910971 -0.0893601
    -0.0408768 ]
   [ 0.00052785  0.18650699  0.08005659 ...,  0.0072385   0.06555627
     0.00776332]]]]
