[[[[ 0.01043224 -0.14680509 -0.00238001 -0.08363612 -0.07750437  0.21049757
     0.0994608   0.10523993  0.02012021  0.06670748  0.00088513 -0.19130312
    -0.22757392  0.05109408  0.21766965 -0.02194199 -0.06410026 -0.05536779
    -0.08230498 -0.0396957   0.04488752  0.01743394  0.05500494 -0.03584008
    -0.05079088  0.05781    -0.11721516  0.18923941  0.07493335 -0.09591363
    -0.02239547 -0.04919461]]

  [[-0.02920679 -0.10374652  0.16317344  0.10761906  0.00215265  0.03750914
    -0.20912836 -0.04117785 -0.06179381 -0.09045769 -0.14495036 -0.14599191
    -0.21414034 -0.17001249  0.06115667  0.1209402  -0.00402662  0.08142292
    -0.07265887 -0.10839461  0.03908328 -0.05561581  0.03613874  0.06088275
     0.15818043  0.02291016 -0.17590235 -0.03456098  0.10020752 -0.07951541
    -0.11044142 -0.04407315]]

  [[ 0.05801193  0.02562485 -0.16405414  0.13741656 -0.14643508 -0.14623538
    -0.03848888 -0.1244941  -0.04001343  0.20236392 -0.07256076 -0.04619489
     0.18336993 -0.10524669 -0.03315992 -0.01353311 -0.01117104  0.10323185
    -0.00121635  0.13747524  0.15037909  0.12560327 -0.12951741 -0.14234753
     0.12613843  0.10740355  0.0305645  -0.17823909 -0.06405328 -0.13287541
     0.05445305 -0.05516414]]

  [[ 0.21549462 -0.02067878 -0.02520798  0.11099977 -0.14071889 -0.00727559
     0.16022974  0.05043447  0.00135604  0.07868114 -0.05090387 -0.08557481
     0.28460181 -0.10299099 -0.17182247 -0.13029499  0.00325077  0.01429013
     0.08492661  0.0997496   0.16193512  0.24877991 -0.00689176 -0.12042678
     0.11715595 -0.09579862  0.08792394 -0.21425079  0.1663819   0.0289724
     0.03317242 -0.15216967]]

  [[ 0.1478605   0.01485505 -0.1424062  -0.03683802  0.08166941 -0.03970119
     0.0684251   0.17467356  0.0552741  -0.00248486 -0.09323254  0.03888546
     0.21186055 -0.02975167 -0.02506624 -0.08736905 -0.01711061  0.0527091
     0.14679366  0.07197401  0.11445151 -0.07151809  0.00180286  0.03534344
    -0.09209623 -0.10890631  0.18181702  0.01829092  0.09815524  0.00372562
    -0.03643335 -0.15166616]]]


 [[[-0.05331432  0.15216687 -0.04795605  0.08388416 -0.12301739  0.09076353
     0.11625212 -0.05253328 -0.08177271 -0.0285498  -0.05126913  0.11308763
    -0.07436117 -0.19340131 -0.09851763  0.19377984 -0.10334591  0.06815773
    -0.15484288 -0.06750609 -0.09127759  0.00344166 -0.04154714  0.01710242
     0.05519693  0.04610488 -0.07396162  0.03172499 -0.02443731 -0.0708173
    -0.12530199  0.0444374 ]]

  [[-0.03325575 -0.10056428  0.00544284  0.16456665 -0.19482939  0.06125383
     0.05813836  0.00872003 -0.10988297  0.21426769  0.04173685 -0.13166165
     0.19515473 -0.04406817  0.00689456  0.10251447 -0.0653545  -0.10313608
    -0.1190621   0.05828002 -0.12853466  0.04869249 -0.1363498   0.05426631
    -0.07343815  0.05283678  0.19761752 -0.02702143  0.03067894 -0.13811539
     0.08481141  0.03634313]]

  [[ 0.10487173  0.04930951  0.00245605  0.09680798 -0.03636164 -0.19442061
     0.06757294 -0.04750077 -0.11536209  0.18668392  0.01251156  0.15178086
     0.16527523 -0.09762389  0.03497753 -0.09368256  0.14311875  0.06203803
     0.13347499  0.04600291 -0.12207057  0.12221208 -0.04691365 -0.07381337
     0.10534493 -0.14898992 -0.03976071  0.05911579 -0.03989863 -0.01125122
     0.17478396 -0.07298717]]

  [[ 0.00380298  0.06359304 -0.22358619 -0.05101671 -0.06422964 -0.08849094
    -0.05927164  0.07265659  0.06995464  0.23426546 -0.09667595  0.01753811
     0.05834243 -0.01587499 -0.00205182  0.12490382  0.03626148  0.2115778
     0.19310515  0.13011475 -0.01619393 -0.05086515 -0.00078053  0.02738645
    -0.11647639  0.03586321  0.0357583  -0.10830808 -0.19106804 -0.08620791
     0.051235    0.01116361]]

  [[ 0.03793097 -0.02272802 -0.07513887 -0.09321993 -0.14103216 -0.02682386
    -0.11475534 -0.01295651 -0.15099673  0.19270265 -0.00733348  0.02843565
    -0.1476766   0.12826273 -0.02350429  0.04262059  0.01966314 -0.05485525
     0.04948218  0.21861112  0.19138776  0.02803313 -0.0076242  -0.0883337
    -0.02684357 -0.10970879 -0.17330822  0.0449165  -0.05096503  0.1796618
     0.10401575 -0.07622696]]]


 [[[-0.06137693  0.07701486 -0.13099423  0.1063253  -0.00792603 -0.02622151
     0.12050865 -0.08494946  0.10592873  0.15847519  0.00274286 -0.18202029
    -0.01791526 -0.17650905 -0.22300643 -0.0129784   0.16753475  0.06070564
     0.12199441 -0.01068004 -0.14448507 -0.13737978  0.23657553 -0.03661302
    -0.10477476 -0.0796968   0.13763759 -0.11560225  0.1073823  -0.15456381
     0.01181424 -0.03349135]]

  [[-0.1078673   0.17974965  0.15572225  0.0961166   0.09366116  0.01079271
     0.15382101  0.01005279 -0.07404443  0.10234997 -0.15715311  0.06645648
     0.18454732  0.00270676 -0.18393329 -0.03850745  0.07718509 -0.15237454
     0.07700457  0.07871375 -0.00199669  0.10493911 -0.17347692 -0.01288852
    -0.00736923 -0.19160965  0.13803709 -0.1158454   0.12807846 -0.14086524
     0.08203961 -0.02389788]]

  [[-0.0961337   0.11535563 -0.14585045 -0.03896251  0.1397765  -0.03326298
     0.08205139  0.20376396 -0.13027968 -0.11720531 -0.07707827  0.02103994
     0.02420314 -0.00132956 -0.04563899 -0.00177819 -0.1816557   0.10871656
     0.18598562 -0.15803207 -0.00889331  0.02388888 -0.13781647  0.07727418
     0.21257852  0.14812142 -0.05197718 -0.00552876 -0.01779566 -0.18677472
     0.03195398  0.05835898]]

  [[-0.03173649  0.21910858 -0.06997656  0.04114288  0.13775063 -0.0853589
     0.15457651  0.16994388 -0.13687839  0.00850898  0.05988326  0.11710205
    -0.01752409  0.08395407  0.0462786   0.15329511 -0.14684357  0.10759517
     0.06263805 -0.15632813 -0.13104023 -0.00523577  0.03108925 -0.06687554
    -0.10506756  0.10316578  0.23644714 -0.16693284 -0.05345256  0.09345957
     0.03570762 -0.00690166]]

  [[ 0.09221617 -0.00339691 -0.16516021  0.1703431  -0.06034683 -0.13715543
    -0.19464046 -0.03858706 -0.14430015 -0.01969681 -0.14541459 -0.19832304
    -0.15492681  0.11153773 -0.12101527  0.02545514 -0.11053817 -0.03896487
     0.19865914  0.02339979 -0.08009574 -0.04946969 -0.06854724  0.05975315
     0.0261623   0.1578086   0.07049235  0.17313516 -0.17535147 -0.03657229
    -0.08999448  0.06259574]]]


 [[[-0.04444761 -0.17264237  0.1672174   0.11733245  0.24747486  0.02293815
    -0.04384767 -0.10041113 -0.15080848  0.02924809 -0.1589115  -0.16450281
    -0.04363683 -0.19975726  0.26040941 -0.04863824  0.2091355  -0.05733851
    -0.06923816 -0.05447725 -0.15563296 -0.05110047  0.20697588  0.09906152
    -0.00707008 -0.04336416 -0.01949126  0.02294781 -0.00252671 -0.062152
     0.09922628 -0.14631346]]

  [[-0.02414242 -0.06802831  0.20215778  0.23127706  0.21051481  0.00419132
     0.04922088 -0.04395081 -0.13030854 -0.01512006  0.06019071 -0.02385014
     0.12898043 -0.04206891  0.11760792 -0.00325643  0.17766677  0.06166618
    -0.01874163 -0.0244908  -0.16007508 -0.01902985  0.19068667  0.05351359
    -0.07953254 -0.09371059  0.01688062  0.0648048  -0.07623941 -0.10764052
    -0.00551842 -0.03776377]]

  [[ 0.06561187  0.13098799 -0.14353602  0.01625407  0.18547681 -0.04598861
     0.02362546 -0.06069428 -0.23069827 -0.01183315 -0.08227891 -0.13434719
    -0.14716916  0.07095987 -0.00098898  0.17028712  0.14233539  0.11431468
     0.23035933 -0.01426721 -0.18292493  0.13872303  0.14800611 -0.05731203
     0.11370886 -0.01501152  0.00474614 -0.04015946  0.01926631 -0.05984242
     0.04114808  0.08244992]]

  [[ 0.10673733  0.08325624 -0.11087614  0.07269002  0.00868905  0.0268352
    -0.0491047   0.19166322  0.12239596 -0.07712358 -0.07972649 -0.15115091
    -0.16463114  0.11546649 -0.0739896  -0.00120985 -0.00471487  0.04336156
    -0.07251461  0.18323769  0.0304398  -0.03532615  0.05481911  0.00385533
     0.03985767 -0.01742253 -0.06815878  0.00606308  0.00287385  0.06761084
     0.00941601 -0.11480158]]

  [[ 0.17271805  0.0934147  -0.03691298  0.15387841 -0.05166357 -0.05745967
     0.21623819  0.0182432   0.02856115  0.15382755 -0.06992187 -0.13269572
     0.016593    0.0399464  -0.06846496 -0.08939315 -0.08192123 -0.01186853
     0.07756478 -0.08331688 -0.0114711   0.068724   -0.05218908 -0.00590967
    -0.0320538  -0.05147596 -0.10244724  0.10633978  0.11958107  0.03832754
    -0.05218104 -0.14792143]]]


 [[[-0.21226455 -0.12232368 -0.10765904 -0.16832593 -0.16594276 -0.05186919
     0.04441651 -0.1688374  -0.16360268  0.15040505  0.06826085  0.06541843
     0.04911956 -0.12644467  0.18874776 -0.00554422 -0.06133608  0.16034456
     0.05387063  0.07144382 -0.00244917 -0.11662622 -0.19948192  0.0226212
    -0.04652901 -0.06617149  0.07062022 -0.01919326  0.0283952  -0.01918193
     0.22085145  0.0044793 ]]

  [[ 0.11401663 -0.15021776  0.10394365  0.0550258  -0.11065091 -0.02129431
    -0.03411549 -0.00708605  0.05830831  0.04206451 -0.16345948  0.09436583
     0.00734689  0.25556362 -0.0161073   0.02018925 -0.07363081  0.13784227
     0.1530606   0.09904509  0.02586471  0.11072787  0.11022447  0.07567527
     0.08098133 -0.10510653 -0.0547272   0.08569161  0.04559765 -0.14170173
     0.2243671  -0.03710815]]

  [[ 0.06414007 -0.11326229  0.0121953   0.24988076  0.06723182  0.06578339
    -0.06457856 -0.24083365  0.03769108  0.0149898   0.15776406 -0.01693199
    -0.16290057  0.12657146 -0.00091094  0.17388898  0.12133794  0.15839447
    -0.07542903  0.14100258 -0.12507147  0.02670581  0.11414428  0.01027233
    -0.03771956  0.06564966 -0.05698963 -0.05732197 -0.11276383 -0.04977813
    -0.03117166 -0.00059672]]

  [[ 0.04332684  0.00500555 -0.08215706 -0.05680877  0.11270898 -0.01649532
    -0.04218555 -0.10078745  0.11770169  0.24411722  0.11038937  0.1546337
     0.02095042  0.01406251 -0.10983952  0.22084832 -0.03793719 -0.11969738
    -0.01367061  0.11182413  0.02440831  0.03612704  0.1178817   0.04477677
     0.0461922   0.02474327 -0.13543186  0.11319328  0.04624466 -0.06102851
     0.19552355 -0.0421388 ]]

  [[ 0.06744579 -0.02359637  0.17634578 -0.10440879 -0.09468819 -0.01362266
     0.18552643  0.07006454 -0.02503051  0.09254048 -0.11701465 -0.02091724
    -0.05006948 -0.0180323  -0.04388763 -0.17385447 -0.00900627 -0.22092594
    -0.00327326  0.16496058  0.00181937 -0.01187446 -0.21307948  0.02308607
    -0.13535942  0.00877296  0.15665227  0.12741862  0.075909   -0.10798219
     0.08590799  0.09729643]]]]
