[[ 0.07543039  0.02353987  0.09173232 ..., -0.06531997  0.07079693
  -0.02994712]
 [ 0.03421517  0.09193689  0.02381992 ...,  0.07254453 -0.00551248
   0.0311499 ]
 [-0.05253121 -0.0050937   0.1179863  ..., -0.01572378 -0.06312999
   0.06741116]
 ..., 
 [-0.03329922  0.03629493  0.0677276  ..., -0.0386047   0.09085841
  -0.14514259]
 [-0.140655   -0.01152146  0.050306   ..., -0.01287798  0.16568761
   0.1111389 ]
 [-0.16385587 -0.12371209  0.03395654 ...,  0.00666193 -0.05161704
   0.00961394]]
