[[[[ 0.05387946 -0.12094221 -0.06995345 ...,  0.15146512 -0.03621049
    -0.06739965]
   [ 0.00354743  0.09067852  0.16060369 ..., -0.00212158  0.03835677
     0.03175328]
   [-0.16380244  0.04273356 -0.07563978 ..., -0.05519849  0.10798271
     0.16693144]
   ..., 
   [ 0.06228851  0.05024623  0.04455686 ..., -0.10054546  0.05258062
     0.15737098]
   [-0.11945556  0.09941608 -0.12823963 ...,  0.02069571  0.08737937
    -0.04896175]
   [ 0.09105178 -0.12450457 -0.06991995 ..., -0.0715389  -0.12506481
     0.01922057]]

  [[ 0.06910288  0.04304217  0.00848113 ..., -0.02045348  0.01959853
     0.14041257]
   [ 0.08506938  0.05118283  0.10041397 ...,  0.01206524 -0.00937312
    -0.04843379]
   [ 0.05302419 -0.05357295  0.09520733 ..., -0.07939243 -0.04144121
     0.03317609]
   ..., 
   [ 0.11884169  0.09248365 -0.10523978 ..., -0.05524112 -0.15253973
    -0.05526975]
   [-0.17215778 -0.15203537 -0.05125982 ...,  0.03031139  0.10798113
    -0.02822132]
   [-0.14118014 -0.06321438  0.01198829 ..., -0.1250618   0.01538151
    -0.06000282]]

  [[ 0.06545242 -0.16636151 -0.09405521 ...,  0.01861248 -0.01845986
    -0.13064392]
   [-0.00518391  0.09532572  0.09051321 ..., -0.04791206  0.04320035
     0.10436458]
   [-0.01047149 -0.05852031 -0.05261946 ...,  0.12257105 -0.02375615
    -0.02643035]
   ..., 
   [ 0.1503443   0.1341024   0.10548881 ...,  0.06998266  0.14103845
    -0.03824306]
   [ 0.15688844  0.06592377 -0.08504935 ...,  0.02448026 -0.0390133
     0.07076256]
   [-0.03130199  0.03446599  0.10787134 ..., -0.07775208 -0.03080084
     0.03289821]]]


 [[[-0.05143161 -0.13333347  0.12085509 ...,  0.1364069  -0.09453565
    -0.17239574]
   [-0.02432171 -0.08040411  0.10824706 ..., -0.05881016  0.14297464
    -0.10380238]
   [ 0.02632323 -0.05965707 -0.06831376 ...,  0.09957062  0.11040173
     0.09505372]
   ..., 
   [-0.01079324  0.0424004  -0.05429064 ...,  0.06699573  0.16112535
     0.03094344]
   [-0.02892406 -0.0514315   0.09599671 ..., -0.06601656  0.06846482
    -0.04479159]
   [-0.0498884  -0.10574503  0.17942084 ..., -0.12767363  0.07419885
    -0.02960823]]

  [[-0.05765551 -0.09804906 -0.09332518 ..., -0.05184847  0.09219238
    -0.09576233]
   [ 0.12914191 -0.12343348  0.03693916 ...,  0.14032237 -0.03978864
    -0.05143289]
   [ 0.09102748  0.09650509 -0.15657994 ...,  0.01796213 -0.0681622
     0.10372359]
   ..., 
   [-0.0041627  -0.06557294  0.15850155 ...,  0.0061787  -0.05929475
     0.0700077 ]
   [-0.02347535  0.08260803  0.06729236 ...,  0.08411157 -0.02695766
     0.07562522]
   [ 0.11829205  0.02961112 -0.04068406 ...,  0.01202184 -0.02229664
     0.07519248]]

  [[ 0.05905186  0.02040036  0.14433058 ...,  0.01392021 -0.00376873
     0.04051254]
   [-0.03996918 -0.01298967 -0.14670748 ...,  0.10130127  0.01666507
     0.0035525 ]
   [-0.18732581 -0.02020798 -0.10047168 ...,  0.06271925  0.06456472
    -0.04893395]
   ..., 
   [ 0.07858289 -0.08539131 -0.08796255 ...,  0.06361295 -0.16766927
     0.1427183 ]
   [-0.10228932 -0.1849627  -0.03836829 ..., -0.00833402 -0.03870828
    -0.13725702]
   [-0.02846457 -0.08803189 -0.12425728 ...,  0.19037543 -0.00224022
     0.0683735 ]]]


 [[[ 0.07873845  0.0746325   0.08006437 ...,  0.07460172 -0.03006998
     0.0054416 ]
   [-0.01006853 -0.03768738  0.01184813 ...,  0.10796981 -0.03944023
    -0.09060831]
   [-0.14563785 -0.10411236 -0.03562465 ..., -0.10516469 -0.0335952
     0.1290587 ]
   ..., 
   [-0.03777191  0.12560061  0.1281008  ..., -0.01000329  0.06204376
    -0.02520142]
   [-0.15931454 -0.01078865 -0.00070785 ..., -0.03171302  0.17778482
    -0.05996078]
   [ 0.15254647  0.11706008  0.16561395 ...,  0.11981974 -0.06850351
    -0.06301198]]

  [[-0.02974139 -0.01804453  0.00662011 ...,  0.12919734 -0.00738556
    -0.00999566]
   [ 0.02562474 -0.01734324 -0.09225551 ...,  0.11616156  0.07459573
    -0.01595658]
   [ 0.12684263 -0.10091794 -0.03117551 ..., -0.12208764  0.01931357
     0.16807574]
   ..., 
   [ 0.03299627  0.09063362 -0.04544767 ..., -0.10576046  0.07091913
     0.02368516]
   [-0.09524894  0.1710806  -0.020101   ..., -0.15852375  0.10197573
     0.06160459]
   [ 0.11875711 -0.06560669 -0.06589878 ..., -0.04774211  0.1143494
     0.1574482 ]]

  [[ 0.01747987  0.07130469  0.13210008 ..., -0.12939312 -0.10751025
     0.03582706]
   [-0.05598406  0.1322244   0.05798296 ..., -0.06845261 -0.03280029
    -0.00840703]
   [ 0.02575245  0.13298877  0.13615707 ...,  0.06441737 -0.17876817
    -0.01007569]
   ..., 
   [ 0.04814922 -0.05572119  0.00131702 ..., -0.09939222 -0.04765088
     0.05310927]
   [-0.03959177 -0.03882598 -0.04564067 ..., -0.01338329 -0.08473194
    -0.10292801]
   [ 0.01864361  0.0714175   0.02696936 ...,  0.00239153  0.03502553
     0.0025229 ]]]]
