[[  1.30844891e-01  -3.43341753e-02  -1.97280124e-02   8.39716718e-02
    1.52193308e-02  -1.68222804e-02   1.61893845e-01   3.11988592e-02
   -7.65531659e-02  -3.80834080e-02]
 [  4.16252427e-02  -1.22884959e-01   1.07436270e-01   3.01057659e-02
    5.26981689e-02  -5.75145036e-02  -4.94151749e-03   1.82237670e-01
    6.32618135e-03  -9.66313556e-02]
 [ -1.12727225e-01   1.55685529e-01   1.55388266e-01  -3.06678861e-02
   -1.53906569e-01   6.91951513e-02  -1.78055495e-01  -5.44328354e-02
   -1.39346182e-01   3.54872681e-02]
 [  2.03180611e-01  -1.98469236e-01  -1.09586820e-01   1.10653944e-01
   -7.86998868e-02   1.18519021e-02  -6.59008026e-02   1.00631066e-01
   -2.46882904e-02  -9.07970369e-02]
 [ -9.87131000e-02  -4.25130799e-02   9.30991247e-02   1.16612688e-01
   -1.47437736e-01   7.43730366e-02   4.01020497e-02  -2.98132915e-02
   -1.37240022e-01   1.37966678e-01]
 [  2.59266198e-02  -8.94186124e-02   1.10278934e-01  -3.88232395e-02
    1.35111019e-01  -1.29301161e-01   9.98990089e-02  -1.64721504e-01
    1.62195504e-01  -7.64596462e-02]
 [  8.45666304e-02  -5.59656061e-02  -4.22511958e-02   4.11826000e-02
    1.21320792e-01   1.45923957e-01  -2.62872651e-02   3.82825965e-03
   -7.54771084e-02  -1.09043539e-01]
 [ -1.39382228e-01  -3.53204906e-02  -1.32132113e-01   2.03785077e-02
    1.29531801e-01   8.23850855e-02  -4.02856506e-02  -1.00692045e-02
   -1.71575382e-01   2.78798431e-01]
 [  5.38926050e-02  -3.73986848e-02   7.92011619e-02  -2.35310122e-02
   -1.26982242e-01  -2.29525082e-02  -4.94961366e-02   9.17001665e-02
   -1.48193061e-01  -1.01774663e-01]
 [  9.57021639e-02   2.89396346e-02   6.09152354e-02  -1.41277239e-01
   -2.99240481e-02  -3.65902781e-01  -2.83355266e-01   5.76470455e-04
    1.67137217e-02   2.09481698e-02]
 [ -2.81284273e-01  -1.30753577e-01  -4.18552123e-02   1.96373895e-01
    7.46553540e-02   1.41909912e-01   1.03398152e-01  -6.71156347e-02
   -7.03114495e-02  -1.79505020e-01]
 [ -6.52218983e-02  -1.52661115e-01  -9.70189422e-02   9.96971037e-03
    1.36335745e-01   3.65793556e-02   7.96972886e-02   2.63290536e-02
    7.41878897e-02  -1.12938471e-01]
 [ -1.47654459e-01   2.05341265e-01   2.70352717e-02  -3.35487783e-01
    1.95457473e-01  -2.34458428e-02   2.69139707e-01  -1.77730039e-01
   -9.54239964e-02  -5.83977289e-02]
 [  4.31299731e-02  -1.24188207e-01   3.84328812e-02   2.36519441e-01
   -8.85183457e-03  -4.28892374e-02   6.49249554e-02   9.67867970e-02
   -8.82973820e-02   3.44748273e-02]
 [ -1.39049545e-01  -5.79601191e-02   4.93097231e-02  -6.52641729e-02
    1.11558422e-01  -9.22997966e-02   8.46749991e-02   1.05354734e-01
   -6.02192134e-02   1.78240389e-01]
 [ -3.68826427e-02   6.63782731e-02   1.40594944e-01   2.60395128e-02
   -4.10677455e-02  -3.85575276e-03  -2.67402939e-02  -2.62338798e-02
   -4.27760482e-02   4.61947024e-02]
 [  6.09856471e-02   1.51880458e-02  -2.12090060e-01   8.68564397e-02
    7.36676008e-02   1.14086345e-01  -1.85406841e-02  -6.08459562e-02
    1.77817196e-02  -1.66155159e-01]
 [  1.36380613e-01   1.11353412e-01   2.14781493e-01  -1.60706922e-01
   -1.93110585e-01   1.39858529e-01  -2.17845917e-01   1.56875085e-02
   -4.67929058e-02   1.64121389e-01]
 [  1.91060483e-01  -1.74648478e-03  -1.13711834e-01  -2.35414550e-01
   -9.07555297e-02  -1.53745815e-01   1.85156345e-01   3.66350785e-02
   -6.10105470e-02   2.98866272e-01]
 [ -9.47558582e-02  -1.23194475e-02  -4.60699722e-02   2.80643627e-02
   -1.55803431e-02   1.65671408e-01   4.54137921e-02   1.06006213e-01
   -1.58752710e-01  -1.30849466e-01]
 [  3.42600606e-03  -1.58220455e-02   7.96873569e-02   1.08096056e-01
   -3.41374986e-02   1.89921230e-01  -1.39719531e-01   1.15909509e-01
   -1.65163442e-01  -4.36696932e-02]
 [ -1.23431332e-01  -4.18503210e-02   1.37743041e-01  -1.23959169e-01
   -2.20704935e-02  -1.37955502e-01  -1.55594405e-02   5.45666292e-02
    1.17370553e-01  -1.14532948e-01]
 [  1.09108230e-02   3.08786966e-02   2.82670915e-01   2.88950168e-02
    3.15836701e-03  -1.22963592e-01  -1.30982429e-01  -1.35394007e-01
   -1.90965936e-01  -2.02292763e-03]
 [  5.76031618e-02  -1.01095447e-02  -1.47216886e-01   9.32515562e-02
    3.21920738e-02   2.89120506e-02  -1.83988079e-01   3.50874290e-02
   -1.79454654e-01   5.93297975e-03]
 [ -6.70959055e-02   7.53376111e-02  -8.86293650e-02   7.98528343e-02
   -4.76927534e-02   9.50730443e-02   1.11954182e-01   5.98449223e-02
    2.10623872e-02   3.84142399e-02]
 [ -5.54847009e-02   1.61124811e-01  -1.27459824e-01   3.77766415e-02
   -8.01574737e-02  -9.47865695e-02  -6.00860417e-02  -1.34641528e-01
   -5.33450246e-02  -1.20600991e-01]
 [ -6.84805168e-03   9.45498720e-02  -2.05246493e-01  -8.47907644e-03
    1.02576479e-01  -1.36323884e-01   2.88998932e-02   9.74480212e-02
    1.25079036e-01   1.26521796e-01]
 [  1.84487239e-01  -1.42669037e-01  -8.81869048e-02   1.44631565e-01
    1.23368815e-01  -1.56154171e-01  -7.96239153e-02   5.18044122e-02
   -2.27483604e-02   1.55366272e-01]
 [  1.08128965e-01   2.05873568e-02   9.25711393e-02  -1.59227744e-01
   -1.87606625e-02  -1.32016927e-01  -1.26893118e-01  -6.33983687e-02
   -8.21474195e-02   4.99301217e-02]
 [  1.38273165e-01  -5.23552224e-02  -1.72801167e-01   1.37790486e-01
   -1.49518415e-01   1.53986081e-01   1.34687051e-01  -1.89668268e-01
    1.67842567e-01   2.20783800e-01]
 [  1.32515579e-01   1.94871664e-01  -2.39588663e-01   1.00117870e-01
   -1.30994441e-02   1.48274273e-01  -2.27279603e-01   5.92591800e-02
    7.49735981e-02   1.86015770e-01]
 [  9.09945145e-02   1.21809430e-01   9.41798910e-02   8.18300620e-02
    4.95632999e-02  -1.47876307e-01  -6.48378674e-03   1.46904260e-01
   -5.53798527e-02  -6.75559789e-02]
 [ -8.09426084e-02   1.46798566e-01  -2.14712098e-01  -5.83318770e-02
   -1.07508302e-02   3.71984057e-02   1.55629376e-02  -8.69135931e-02
    1.39030619e-02   1.02973431e-01]
 [  2.21358925e-01  -9.80492905e-02   1.24302894e-01  -2.56293297e-01
   -2.04988107e-01   2.63869703e-01   2.09434614e-01   3.82771268e-02
   -1.16721801e-01  -1.36841685e-01]
 [ -1.34492442e-01  -4.73554386e-03  -5.83480783e-02   1.40425816e-01
   -2.37788260e-02  -1.84834152e-01  -1.46050483e-01  -3.92450690e-02
    1.79149300e-01  -1.41173825e-01]
 [ -1.56154156e-01  -1.04590617e-01  -3.53561454e-02  -4.49827909e-02
    1.03646433e-02   8.44032317e-02   3.50121260e-02   8.56186375e-02
   -4.00896445e-02   8.76768902e-02]
 [  1.03055008e-01  -7.46373534e-02  -2.40629345e-01  -1.54403239e-01
    1.59111813e-01  -2.10562900e-01   9.52524971e-03   1.18297063e-01
    9.04162973e-02  -2.57064290e-02]
 [ -1.72778144e-01  -1.73713833e-01   6.32070005e-03   8.89482722e-02
   -9.17149112e-02   7.63112307e-02  -3.06576751e-02   6.61765039e-02
    6.12159744e-02   5.93057536e-02]
 [ -2.86732335e-02  -1.60934463e-01   1.75505653e-01   1.09390758e-01
    1.17308930e-01  -2.62262262e-02  -2.98457235e-01  -2.41082296e-01
   -2.21597031e-01   1.99084744e-01]
 [  9.54442099e-02  -6.04397431e-02  -2.61457935e-02  -1.23939283e-01
    2.71231055e-01  -1.64786577e-01   9.98065919e-02  -1.29773661e-01
    1.32766142e-01  -2.50596732e-01]
 [ -3.91644752e-03  -1.59050211e-01   2.27923051e-01   1.63331538e-01
    4.96039279e-02  -1.40529215e-01  -1.03749059e-01  -8.36160108e-02
    1.18575878e-01  -8.34113061e-02]
 [  1.24133386e-01   1.80500790e-01   1.23465300e-01  -3.72951403e-02
   -1.63239121e-01  -2.65107211e-02   1.05091415e-01   5.29426187e-02
   -5.70597313e-02  -1.87335722e-02]
 [  1.37790665e-02   1.14786036e-01   5.44939786e-02   1.68524429e-01
   -1.83907077e-01  -6.43046796e-02   1.12196490e-01   1.35587290e-01
    4.14790725e-03   1.97580438e-02]
 [ -1.23638801e-01   3.46571729e-02   1.04686834e-01  -1.95671633e-01
   -3.70365977e-02  -9.64283794e-02  -4.02168855e-02   5.46110347e-02
    1.16022028e-01   4.37927730e-02]
 [  1.32229045e-01  -9.35618579e-02  -8.96700025e-02  -7.90246874e-02
    1.23436349e-02   3.68493423e-02   1.61417108e-02  -2.87412386e-03
    1.15658883e-02   1.01327091e-01]
 [  1.99153036e-01  -8.25115591e-02   4.90541803e-03   1.02904439e-01
   -1.10661849e-01   1.93673056e-02   6.19180351e-02   1.50452938e-03
   -1.63114339e-01   1.39467055e-02]
 [ -1.56444669e-01  -9.31633264e-03  -3.41322683e-02  -1.67484712e-02
    7.01964125e-02   2.14839712e-01   1.13371843e-02  -3.33018154e-01
    4.82653677e-02   1.93414003e-01]
 [ -1.01588674e-01   2.79464070e-02  -1.38339400e-01  -1.25278682e-01
    7.89770186e-02   2.77060438e-02  -1.18611746e-01  -6.36467338e-03
    2.01458529e-01  -4.10908908e-02]
 [  1.79114982e-01  -8.09883848e-02  -4.79884408e-02  -2.79953837e-01
   -8.09380859e-02   3.46915536e-02   1.96735248e-01  -2.64810622e-02
    1.10853612e-01  -9.98752415e-02]
 [ -1.49288848e-01  -5.23563847e-02   2.62807310e-02   3.12440507e-02
    4.93443105e-03   4.78644818e-02   7.21885189e-02   9.32317451e-02
    9.81099382e-02  -4.97872457e-02]
 [  1.80975124e-02  -8.10828954e-02  -7.38692731e-02   1.08029045e-01
   -2.12119833e-01  -1.16871484e-01  -1.75932739e-02  -1.90144271e-01
    3.48567069e-01  -1.45469597e-02]
 [ -1.58923157e-02  -3.82134095e-02   9.45585370e-02   3.80678102e-02
    1.45319492e-01   8.10419917e-02   1.76378340e-01  -1.00259803e-01
    1.75167457e-03  -1.16959522e-02]
 [  2.81129256e-02   2.85502046e-01  -1.03572607e-01  -4.81261201e-02
    1.74362093e-01  -1.63959172e-02  -3.07529252e-02  -3.31110097e-02
    9.68432799e-02  -2.20319182e-01]
 [ -7.65641183e-02   3.15375865e-01  -8.27025920e-02  -2.11763158e-01
   -1.16585553e-01   1.09307885e-01  -1.45408839e-01   1.23531871e-01
    6.18924089e-02  -1.32941067e-01]
 [ -3.71943079e-02  -1.12781696e-01   1.28045697e-02   5.93116274e-03
    1.53194619e-02   7.65459910e-02   1.57410443e-01   2.08563491e-04
    1.41200513e-01  -1.46683112e-01]
 [ -1.05138170e-02  -1.62391320e-01   7.43164644e-02   4.07560319e-02
   -3.49172801e-02   5.29983267e-02  -1.52927518e-01  -7.90175274e-02
    2.76731312e-01   6.86565787e-02]
 [  4.16806005e-02  -1.07739218e-01   1.71628743e-01   1.41830042e-01
   -2.01980755e-01  -8.64949226e-02   6.02964573e-02   3.49907488e-01
    1.19528882e-01   1.59113809e-01]
 [ -9.89846066e-02  -6.55533299e-02  -7.61575475e-02   2.09947780e-01
    1.19104169e-01  -1.10102594e-01   4.06283103e-02   1.29127279e-01
   -2.77517229e-01   1.11733519e-01]
 [ -3.51666450e-03   8.09070468e-02   6.29762262e-02   1.16359875e-01
   -4.18199375e-02  -5.18684201e-02   5.90787455e-02  -1.31918728e-01
    9.43894964e-03  -3.07576060e-02]
 [  1.84991851e-01   1.45615846e-01  -5.72687797e-02   3.94251477e-03
   -1.49799529e-02  -1.24098718e-01  -2.74923444e-02  -6.00684024e-02
    1.38211206e-01   9.90814641e-02]
 [ -5.34734689e-03   2.71316007e-04   8.54288042e-02   9.99764800e-02
   -1.36011824e-01  -1.11520208e-01   1.74552172e-01   1.97321057e-01
   -5.74167818e-02  -1.08823217e-01]
 [  4.35276143e-02   1.19184047e-01   6.13448024e-02  -1.40438855e-01
    3.34912799e-02   1.47050589e-01  -1.23841919e-01   3.89519371e-02
    3.65392752e-02   4.17764783e-02]
 [ -8.04255828e-02   8.78798515e-02   1.34253338e-01   4.30891886e-02
    7.88686704e-03  -5.81633262e-02   2.40750909e-01   1.95284158e-01
    3.76719199e-02  -1.75499201e-01]
 [  7.20461383e-02  -1.64873809e-01   5.16507891e-04   1.08364962e-01
    1.55358955e-01  -7.54323155e-02   1.78601757e-01   1.15019176e-02
    3.62779461e-02  -1.83216915e-01]]
